package main

var DistanceInDescriptor = [3][Cell_M * Cell_m][Cell_M * Cell_m]float64{
	{
		{19.79898987322333, 17.204650534085253, 15.231546211727817, 14.142135623730951, 14.142135623730951, 15.231546211727817, 17.204650534085253, 19.79898987322333},
		{17.204650534085253, 14.142135623730951, 11.661903789690601, 10.198039027185569, 10.198039027185569, 11.661903789690601, 14.142135623730951, 17.204650534085253},
		{15.231546211727817, 11.661903789690601, 8.48528137423857, 6.324555320336759, 6.324555320336759, 8.48528137423857, 11.661903789690601, 15.231546211727817},
		{14.142135623730951, 10.198039027185569, 6.324555320336759, 2.8284271247461903, 2.8284271247461903, 6.324555320336759, 10.198039027185569, 14.142135623730951},
		{14.142135623730951, 10.198039027185569, 6.324555320336759, 2.8284271247461903, 2.8284271247461903, 6.324555320336759, 10.198039027185569, 14.142135623730951},
		{15.231546211727817, 11.661903789690601, 8.48528137423857, 6.324555320336759, 6.324555320336759, 8.48528137423857, 11.661903789690601, 15.231546211727817},
		{17.204650534085253, 14.142135623730951, 11.661903789690601, 10.198039027185569, 10.198039027185569, 11.661903789690601, 14.142135623730951, 17.204650534085253},
		{19.79898987322333, 17.204650534085253, 15.231546211727817, 14.142135623730951, 14.142135623730951, 15.231546211727817, 17.204650534085253, 19.79898987322333},
	},
	{
		{39.59797974644666, 34.40930106817051, 30.463092423455635, 28.284271247461902, 28.284271247461902, 30.463092423455635, 34.40930106817051, 39.59797974644666},
		{34.40930106817051, 28.284271247461902, 23.323807579381203, 20.396078054371138, 20.396078054371138, 23.323807579381203, 28.284271247461902, 34.40930106817051},
		{30.463092423455635, 23.323807579381203, 16.97056274847714, 12.649110640673518, 12.649110640673518, 16.97056274847714, 23.323807579381203, 30.463092423455635},
		{28.284271247461902, 20.396078054371138, 12.649110640673518, 5.656854249492381, 5.656854249492381, 12.649110640673518, 20.396078054371138, 28.284271247461902},
		{28.284271247461902, 20.396078054371138, 12.649110640673518, 5.656854249492381, 5.656854249492381, 12.649110640673518, 20.396078054371138, 28.284271247461902},
		{30.463092423455635, 23.323807579381203, 16.97056274847714, 12.649110640673518, 12.649110640673518, 16.97056274847714, 23.323807579381203, 30.463092423455635},
		{34.40930106817051, 28.284271247461902, 23.323807579381203, 20.396078054371138, 20.396078054371138, 23.323807579381203, 28.284271247461902, 34.40930106817051},
		{39.59797974644666, 34.40930106817051, 30.463092423455635, 28.284271247461902, 28.284271247461902, 30.463092423455635, 34.40930106817051, 39.59797974644666},
	},
	{
		{79.19595949289332, 68.81860213634101, 60.92618484691127, 56.568542494923804, 56.568542494923804, 60.92618484691127, 68.81860213634101, 79.19595949289332},
		{68.81860213634101, 56.568542494923804, 46.647615158762406, 40.792156108742276, 40.792156108742276, 46.647615158762406, 56.568542494923804, 68.81860213634101},
		{60.92618484691127, 46.647615158762406, 33.94112549695428, 25.298221281347036, 25.298221281347036, 33.94112549695428, 46.647615158762406, 60.92618484691127},
		{56.568542494923804, 40.792156108742276, 25.298221281347036, 11.313708498984761, 11.313708498984761, 25.298221281347036, 40.792156108742276, 56.568542494923804},
		{56.568542494923804, 40.792156108742276, 25.298221281347036, 11.313708498984761, 11.313708498984761, 25.298221281347036, 40.792156108742276, 56.568542494923804},
		{60.92618484691127, 46.647615158762406, 33.94112549695428, 25.298221281347036, 25.298221281347036, 33.94112549695428, 46.647615158762406, 60.92618484691127},
		{68.81860213634101, 56.568542494923804, 46.647615158762406, 40.792156108742276, 40.792156108742276, 46.647615158762406, 56.568542494923804, 68.81860213634101},
		{79.19595949289332, 68.81860213634101, 60.92618484691127, 56.568542494923804, 56.568542494923804, 60.92618484691127, 68.81860213634101, 79.19595949289332},
	},
}

var weightedDistances = [][]float64{
	{0.4650431881340563, 0.5609491608144708, 0.635638673826052, 0.676633846161729, 0.676633846161729, 0.635638673826052, 0.5609491608144708, 0.4650431881340563},
	{0.5609491608144708, 0.676633846161729, 0.76672659607082, 0.8161762130223398, 0.8161762130223398, 0.76672659607082, 0.676633846161729, 0.5609491608144708},
	{0.635638673826052, 0.76672659607082, 0.8688150562628432, 0.9248488132162048, 0.9248488132162048, 0.8688150562628432, 0.76672659607082, 0.635638673826052},
	{0.676633846161729, 0.8161762130223398, 0.9248488132162048, 0.9844964370054085, 0.9844964370054085, 0.9248488132162048, 0.8161762130223398, 0.676633846161729},
	{0.676633846161729, 0.8161762130223398, 0.9248488132162048, 0.9844964370054085, 0.9844964370054085, 0.9248488132162048, 0.8161762130223398, 0.676633846161729},
	{0.635638673826052, 0.76672659607082, 0.8688150562628432, 0.9248488132162048, 0.9248488132162048, 0.8688150562628432, 0.76672659607082, 0.635638673826052},
	{0.5609491608144708, 0.676633846161729, 0.76672659607082, 0.8161762130223398, 0.8161762130223398, 0.76672659607082, 0.676633846161729, 0.5609491608144708},
	{0.4650431881340563, 0.5609491608144708, 0.635638673826052, 0.676633846161729, 0.676633846161729, 0.635638673826052, 0.5609491608144708, 0.4650431881340563},
}
